$ 1 0.000005 1.2182493960703473 50 5 50 5e-11
v 304 400 304 96 0 1 40 10 10 0 0.5
w 304 96 432 96 0
r 432 96 432 288 0 18
w 432 400 304 400 0
34 zener-5.6 0 1.7143528192810002e-7 0 2 6.8 0
z 432 400 432 288 2 zener-5.6
w 432 96 560 96 0
r 560 96 560 288 0 4700
r 560 288 560 400 0 10000
w 560 400 432 400 0
w 720 288 560 288 0
w 720 256 432 288 0
g 432 400 432 432 0 0
a 720 272 880 272 8 15 0 1000000 6.927623722845044 13.22046275248254 100000
c 368 352 368 144 0 0.00001 -19.344828742089263 0.001
w 368 352 304 400 0
r 368 144 304 96 0 10
w 880 272 992 272 0
403 816 -48 1632 576 0 1_8_0_4098_40_0.05_0_8_1_3_16_0_16_3_10_0_10_3_9_0_9_3
